   1.3300000e+02   1.5400000e+02
   2.2700000e+02   2.4100000e+02
   1.6000000e+02   1.6100000e+02
   1.7400000e+02   1.5000000e+02
   1.7700000e+02   1.6500000e+02
   1.4900000e+02   1.7400000e+02
   1.4500000e+02   1.8500000e+02
   1.6000000e+02   1.9100000e+02
   2.0700000e+02   2.2200000e+02
   2.0300000e+02   2.3500000e+02
   2.2200000e+02   2.2500000e+02
   2.3800000e+02   2.1000000e+02
   2.0700000e+02   1.9200000e+02
   2.0300000e+02   1.7500000e+02
   1.9800000e+02   2.0800000e+02
   1.0600000e+02   2.4100000e+02
   1.2400000e+02   2.9000000e+02
   5.1000000e+01   2.4600000e+02
   6.2000000e+01   1.4300000e+02
   1.4400000e+02   8.2000000e+01
   2.1000000e+02   1.0600000e+02
   2.9900000e+02   1.7200000e+02
   3.0400000e+02   2.4800000e+02
   2.1100000e+02   3.0300000e+02
   2.9900000e+02   3.1400000e+02
   9.1000000e+01   3.3300000e+02
   2.9200000e+02   6.1000000e+01
   3.5200000e+02   1.1800000e+02
   3.4700000e+02   2.2300000e+02
   2.6400000e+02   1.1600000e+02